$ANSIBLE_VAULT;1.1;AES256
65373630623964383362643930386133616561333730653433393630356439626439303938303139
3466623964663434636437393732343463393363636537340a636534643963313339383131303236
38396264386661643265333161626564396561643230653939666634303030343266653233323562
6563333539353030640a656132386336653661333164613531653939613239386662336262626363
66353136343231316139356565383135386261343930623165323936353765373437636639336264
31336231396131303439386464373265343739356432376566656330333436633134343964326466
39663761353230393837326263323563616561636361303734626661333734386338613438326463
61373439663930316233666566653837613336316435313762623930396164383934323235363261
64616661366639323831623334313962393165653166656133643238663634663935623162366562
39613332636338613866636263323735363539653634656532343939646538316662633536306133
32633763363939393237326231333930313230306464323462386361353761643932353539363138
36386537333666373661333131376430383166366235646162623339343864363735363965316332
62343936353434636237373438306462353165336364323636643435316533333238623363666366
31626131356235396634623933366532366334383734636631616232363366313237353962643033
37353734323061613431643164323034323963303333353533376138366631653139343333643633
33656165633237393639396436626166626662346537396232303538653032653131326465323163
38626366306337376164633831323037313137343436373961343732366133373530636365646566
66313731663066333330383061343638316434613366393464326130393436386538393861323164
66376464306465633338366333643030323965303566343533363837323964653434346635333963
63396264613163326636613331653062386465333230343965356632613130613062313938393030
38333365373135623865333736396663306537366265623630363432653231623934393338383235
65613735653464366236386333626664666436353464636230626261633465323237376335383163
36366234623732656637333130633265616334323563353537643133353137303137306565613733
35643331656238323833366163313562326634396565653264323465623934346337613864656536
37643436623131326263303638356636356666316139386262303663306231613661
