$ANSIBLE_VAULT;1.1;AES256
66396330363632356135643166643332633464633439323336356539326138626161303961313064
3633333734666265333035313138633662343236336164330a623833303637656433616336333839
30326235643462313833616562353566313664653138613136336465653539393433336166663565
6465313837636237310a666634373133376566653739623661666430643238303835373739663130
34313264653161613230346632633137646665326430343165353933666431646162313739396663
65623966666636626666623964633135356430333030316231376530636563616439666533306134
37383732633038613532653363363735333664626235356634323430333334323462643030623863
30643661643535323161376338633962343165336239383735376162656331366366323433343934
38613530303962333432633032623066366262373232323632653230663062353735323939326438
35363437306237663264373638326232663061626437313331656131353438353964623336333863
38643137613638646434303934623565623163323663616264353239373739323066306634366331
38343336613564303665313539643539383837633263306232373232306432313530396532326366
61626161663365376634333365623130396338333734613364353330313235636330613365623864
36646333396363313739373463346335363765623265623039363366333764393138613862666136
62396563343232623439343832313364356334393532356339396465636234626535346462666361
63396162653332656231613061616338323439303336363266373665313363303066643762643530
33646537623961396662653366633536316534303363353431366665383037336533343937653434
33626261333565616537633538616536646637626139353938613737633632383432613137383136
38363864653063643532613562396438386363393566343463356338666262356265643161313932
38303665326564626564326331386638636264613132376530306639393232643636363339626235
65636133333036613836623631373934633839313565333637643539333739663533613436323433
39316431386338316537393464356263373762326463613730333631633965626237396536383830
62363830396534646637633137376139313638616136303163343635343130316236623563323265
62383764313462666236303963653134343462393834626435333436646133616435653061366361
6562
