$ANSIBLE_VAULT;1.1;AES256
62306238316265393631386532326535613962316431396463343062353339306565613637303539
3066366633623231633234306433306263326265346261320a346137306434353165373138393962
65383761363761303334623963626139373539353630653164303962663938393530613035356632
6262343231373337310a333733313162666163353232326634353635343837366238616638313163
31643532396239636335646535643661633535623363346234306666373231613835666265643037
33396161333032396563313034613632313239616662646665313836363132633165326462623238
61323064393934643937376635373236346266333761333762363833383563633634323163353636
35373433346463333137393361333738616339333438393838623935626332656134326164386636
61623131653538353363613764613435346265663535346166656166326632643337636662373762
31373930356630636564386538366533613939653339363934653939376263373435356631366465
39663537396135336533343035656161383835356365626564376635666330656534396564373866
37623236613139363731636539316466643735366566333862393963343337633364343235363831
33353030333361313836353037336335623761393133356638666664653837366166303032336666
38346439646664313832303666646239343335363962393361633663373665333238393736623236
38336265393836323332643332646165643832653065643637643137623631326163373939626639
30343661633434363730646463636262653636623034326631633166306463353533383265633363
30313766653037373339646134346637666132623164356238393334323336353266656166306462
35366333353361636639316265646166363462646238653561616165656162366435626632613830
65613762303936333637623864366537353234356465316331306131343433363637306464313435
39363835303336326336313438323863326165383432613433383164343963353939376335366431
30383363636265346538626334646464376461613030643365303735383534323966333031663932
32303538623431666633333839333834346236343434353335303435323663313434326362613762
34633362653130646466643038653464343235656461363161366634353633633332333838323434
30653962633538653130653166653064396562383931393133653262376362396166373934363138
37616430653537366434306563663537653136313364663930356437336335366261
